v -0.6 0.3 0.5
v 0.3 0.3 0.5
v -0.6 1.2 0.5
v -0.6 1.2 0.5
v 0.3 1.2 0.5
v 0.3 0.3 0.5
v -0.6 0.3 -0.4
v -0.6 0.3 0.5
v 0.3 0.3 0.5
v -0.6 0.3 -0.4
v 0.3 0.3 -0.4
v 0.3 0.3 0.5
v -0.6 0.3 -0.4
v -0.6 1.2 -0.4
v 0.3 1.2 -0.4
v -0.6 0.3 -0.4
v 0.3 0.3 -0.4
v 0.3 1.2 -0.4
v -0.6 0.3 -0.4
v -0.6 1.2 -0.4
v -0.6 0.3 0.5
v -0.6 1.2 -0.4
v -0.6 0.3 0.5
v -0.6 1.2 0.5
v 0.3 0.3 -0.4
v 0.3 1.2 -0.4
v 0.3 0.3 0.5
v 0.3 1.2 -0.4
v 0.3 0.3 0.5
v 0.3 1.2 0.5
v -0.6 1.2 -0.4
v 0.3 1.2 -0.4
v -0.6 1.2 0.5
v -0.6 1.2 0.5
v 0.3 1.2 -0.4
v 0.3 1.2 0.5
